750
56
412
14
16
17
33
42
43
135
536
192
194
210
168 169
268
276
723
308
317
333
420
448
477
493
505
506
569
602
626
639
179
646
649
691
694
722
734
748
766
780
784
859
948
959
971
989
74
107
52 53
112
132
164
460
176
205
230
216
258
293
316
323
325
326
334
57 58
351
354
357
374
379
397
369
400
922
531
116 117
556
575
592
621
596
655
678
730
738
747
741
764
818 824
772
829
843
848
854
914
972
955
398 399
865
1
45
545 547
77
121
136
174
184
186
823
239
298
303
312
315
332
342
346
356
377
378
380
122
425
453
486
489
39
519
520
540
574
611
652
658
667
672
83
690
692
702
713
733
742
778
785
790
791
807
809
699 700
822
209
826
842
869
874
220
967 968
917
89
7
24
29
62
63
100
362
177
845
212
213
222
240
274
283
309
319
439
440
446
473
514
141
560
565
591
593
640
656
532
693
724
727
776
539
804
811
827
839
849
850
851
875
908
925
931
726 731
975
997
491
60
944
142
178
203
225
229
232
233
255
261
267
278
279
284
299
311
328
650
140
431
348
441
406
421
430
515
170
483
526
647
597
604
605
669
687
719
754
786
815
821
852
954
976
886
906
442
935
978
3
25
472
111
120
159
189
245
251
272
347
352
361
391
393
118 119
436
863
516
533
831
570
109
610
358
663
671
707
708
718
743
812
890
554
844
463
870
878
888
921
73
970
987
435
749 750
9
555
35
808 810
70
98
106
167
202
208
265
481 482
305
389
456
462
384 385
499
500
507
530
682
549
594
613
614
627
641
688
712
736
860
23
900
183 185
907
926
936
951
986
992
84 85
966
418 419
586 587
819
782 783
898 901
945 946
4
5
11
896
615 617
81
983
90
92
103
139
148
166
228
281
296
22
313
396
349
360
364
370
411
423
263 264
320
450
451
457
467
479
485
504
509
787
541
551
616
629
644
631 632
677
679
704
729
755
756
757
768
777
792
803
830
855
386 388
880
887
899
923
963
576
68 69
206 207
291 295
496 498
548 552
904 909
980 981
13
19
38
50
353 355
145
149
181
187
201
163 165
235
247
254
275
277
287
300
301
433
329
367
381
387
404
468
480
508
21
559
561
938
606
623
654
706
739
746
775
799
867
877
889
913
924
939
942
950
502
964
994
54 55
218 221
359 363
577 578
126 128
601 603
648
633 634
635 636
916 918
302
28
78
680
584
774 781
125
127
154
455 458
714 715
197
217
219
241
260
286
294
314
416
41
488
497
546
550
557
567
588
638
645
282
725
728
732
745
761
771
779
802
836
820
962
969
340
64 65
76 79
96 97
102 104
538
214 215
223 224
246 248
193
484 487
595 598
607 608
628 630
657 659
788 789
882 883
910 911
996 999
0 2
151 152
252 253
403 405
589 590
919 920
476 478
564 566
426 427
684 685
695 696
927 928
895
36 37
59 61
158 160
173 175
180 182
188 190
266 269
837 838
321 322
337 338
525 527
568 571
681 683
762 763
113
767
891 892
902 903
941 943
961 965
973 974
46 47
110
599 600
324 327
335 336
444 445
795 796
534 535
579 580
697 698
710 711
805 806
866 868
428 432
937 940
985 988
80 82
171 172
236 237
270 271
273 280
310 318
365 366
394 395
211
501 503
512 513
523 524
528 529
537 542
751 752
637 643
673 674
675 676
75
753 758
793 794
825 828
977 979
123 124
131 133
447 449
191 195
198 199
226 227
330 331
87
415 417
466 469
553 558
705 709
716 717
933
759 760
770 773
797 798
871 872
884 885
929 930
66 67
71 72
86 88
138 143
905
256 257
429
285 288
345 350
434 437
490 492
517 518
562 563
583 585
618 619
651 653
662 664
665 666
668 670
834 835
932 934
998
144 146
161 162
231 234
343 344
375 376
494 495
510 511
572 573
609 612
624 625
660 661
720 721
765 769
48
816 817
894 897
952 953
956 957
990 991
156 157
243 244
382 383
390 392
474 475
196
306 307
857 858
873 876
879 881
947 949
958 960
94 95
129 130
134 137
893
238 242
249 250
297 304
368 371
372 373
864
413 414
422 424
459 461
581 582
620 622
686 689
735 737
800 801
832 833
912 915
982 984
6 8
10 12
15 18
31 32
40 44
147 150
259 262
289 290
438 443
452 454
642
701 703
840 841
853 856
861 862
27 30
91 93
99 101
114 115
153 155
407 408
292
34
49 51
401 402
409 410
543 544
846 847
20 26
105 108
200 204
521 522
740 744
813 814
993 995
339 341
470 471
464 465
